ID	CAF_EPIC	CAF_MCPcounter	StromalScore
GSM437093	0.00863359137573691	9.32858598830518	365.199683555172
GSM437094	0.00768053067690387	8.83998730112062	-279.533722017287
GSM437095	0.00777213393116272	8.53769775696049	-561.419661826237
GSM437096	0.00818625911096006	9.03175545435976	-284.930402679942
GSM437097	0.00816407177539438	9.07393009674628	-27.25043775176
GSM437098	0.0091608092270301	9.70958445732552	655.246614483741
GSM437099	0.00731231345343367	8.14381933036527	-800.713967624658
GSM437100	0.00893712288438057	9.49333753356342	778.011203674677
GSM437101	0.00758756846536541	8.33626364652605	-747.533337371715
GSM437102	0.00926686966568498	9.74870776763747	1472.63107791437
GSM437103	0.00862930288068844	9.39628028558111	606.505999707271
GSM437104	0.00789890104321408	8.57120272957162	-825.847545678992
GSM437105	0.00807013151629072	9.03279043679743	19.319948459352
GSM437106	0.00837083977605959	9.17122945559703	4.91901205387421
GSM437107	0.00774116087842116	8.51337543930322	-482.719619739058
GSM437108	0.00787209371890274	8.63353669714282	-332.698925498907
GSM437109	0.00871556842201464	9.52675308276936	992.268470649898
GSM437110	0.00804679504676199	9.21799292249462	143.014622963338
GSM437111	0.00896307031227381	9.9375056048138	921.669208896483
GSM437112	0.00805762059856493	8.83349030761494	146.575080804213
GSM437113	0.00890027572480271	9.57054856286297	515.11825971249
GSM437114	0.00795574722962121	8.78825551301787	-125.265091061521
GSM437115	0.00772423314921463	8.64392555168276	-293.29654109987
GSM437116	0.00862244098197306	9.48945988606588	761.131163715493
GSM437117	0.00891287392286546	9.81704927169409	555.255956939286
GSM437118	0.0083885826593867	9.43720841654974	575.323792081017
GSM437119	0.0101373169393466	10.2223466387307	1602.38264277577
GSM437120	0.00839801354454653	9.38623367227308	277.094344073183
GSM437121	0.0086874867016057	9.29898657918355	394.729651845025
GSM437122	0.00838714680333993	9.31230475494472	304.296678600593
GSM437123	0.00858896874347116	9.52447933328644	574.10439803309
GSM437124	0.00885073082737338	9.47843999714886	260.368345926727
GSM437125	0.00873674908313037	9.67174856097939	801.948583826687
GSM437126	0.00792581470813991	8.89122165367251	-218.927364026025
GSM437127	0.00874626056177411	9.70357576861995	550.569676732119
GSM437128	0.00822469511998337	9.06194357637452	-90.6388361895087
GSM437129	0.00792356290488414	8.67501213541687	-493.5352829779
GSM437130	0.0090326189475123	9.88833968586309	737.851589949999
GSM437131	0.00832115061831391	8.99049597717659	99.4660513814784
GSM437132	0.00841114585743576	9.17618025747028	-45.5017244080087
GSM437133	0.00862152979006761	9.64309832611107	675.961918440305
GSM437134	0.00871605475400207	9.7453001526892	422.605324843126
GSM437135	0.00940850364486788	10.2415808648434	1331.44507091014
GSM437136	0.00860596161138545	9.2576705963302	164.741753988845
GSM437137	0.00864709521378137	9.39136530952944	398.820702703575
GSM437138	0.00894517416605421	9.55124415294913	373.713810511564
GSM437139	0.0087246934901	8.71876838598872	331.229105714549
GSM437140	0.0077291311212076	8.64012551524995	-669.989966336649
GSM437141	0.00812661496325678	9.03345835738084	72.2829033794875
GSM437142	0.00816164043459416	8.91204641524089	-250.910168509662
GSM437143	0.00811284362002605	8.79037630644147	-22.6224068870567
GSM437144	0.00914491484189396	9.97128945386616	879.159445989064
GSM437145	0.00884356943039988	9.71829517809311	894.823446620307
GSM437146	0.00771907513580187	8.67545875577356	-146.84719976424
GSM437147	0.00799026106413822	8.95118133290744	-72.0162226160613
GSM437148	0.0078798953884166	8.77105550253435	-274.171193833103
GSM437149	0.00873805974340085	9.76327427361715	739.130634307978
GSM437150	0.00833987073781525	9.16664787730238	34.9814264505113
GSM437151	0.00842086717076513	9.15985290535589	72.4040531468782
GSM437152	0.00873333269177778	9.76532864843074	831.050705701657
GSM437153	0.00794676733256358	9.06796661538678	-525.724853088878
GSM437154	0.008503834494039	9.50091400967187	231.513849128335
GSM437155	0.00880900912003167	9.82638327729571	1159.68043425115
GSM437156	0.00851511677165001	9.55163935671513	390.681694825979
GSM437157	0.00913027453501994	9.97589670775286	1222.43232483226
GSM437158	0.00810477602147683	8.83409611229886	-245.785199347436
GSM437159	0.00902772880887339	9.79449321445391	745.147013999003
GSM437160	0.00756102030940272	8.41240611616098	-690.079242796354
GSM437161	0.00862410416354987	9.58069146303501	1125.73395911505
GSM437162	0.00866336791346706	9.5148277747782	588.072752784509
GSM437163	0.00909283692588003	9.82644416478091	1028.11372828323
GSM437164	0.00848669640212102	9.41366354479396	-74.1367539599288
GSM437165	0.00756798829259722	8.42202443678159	-692.124542916282
GSM437166	0.00864049796967562	9.58282333672281	766.566213388056
GSM437167	0.00826481292321691	9.1425115726972	345.406697251603
GSM437168	0.00792187346112538	8.44611998986928	-589.949363251452
GSM437169	0.0076788086333055	8.62760526920747	-57.5062800672194
GSM437170	0.00847098993147369	9.62299888367243	580.779930707479
GSM437171	0.00869795237427163	9.57609946864037	1006.53781556794
GSM437172	0.00829035343662881	9.14847043351286	128.23931272801
GSM437173	0.00899115099408961	9.8823326811758	568.675557187338
GSM437174	0.00931561264132555	9.75678319227399	787.602585454194
GSM437175	0.00936770088187966	10.1611125950662	1257.64456764665
GSM437176	0.00827377503692214	9.3162247633665	16.9047854915725
GSM437177	0.00876553517357094	9.34474971393182	217.559434006775
GSM437178	0.00880023514824075	9.75690571024431	867.977836896395
GSM437179	0.00850670563680463	9.21452458083692	100.218199136827
GSM437180	0.00898129247212407	9.79405298202031	770.119763781469
GSM437181	0.00910990037884362	9.99037243441502	1174.01498979603
GSM437182	0.00898811899378094	9.57771936214131	657.2691347024
GSM437183	0.00865636440013095	9.20353729396738	191.614854119756
GSM437184	0.00834130921017768	9.27525575345492	-7.33780583692242
GSM437185	0.00816675328054074	8.93433292420194	-254.96241681719
GSM437186	0.00794801212695656	8.99229631838064	-142.276591999151
GSM437187	0.00866001269407542	9.53425979641743	451.268396950405
GSM437188	0.00876969607219267	9.52019985427546	530.681569289241
GSM437189	0.00902901869275541	9.50898322954506	746.50694263658
GSM437190	0.00913108861259513	9.87858369861007	984.25839148552
GSM437191	0.00885868723693433	9.54509990146684	475.840924322589
GSM437192	0.00912868987304412	9.75841764622474	619.445446189301
GSM437193	0.00804782846356722	8.722046984596	195.05446103405
GSM437194	0.00835411389500331	9.06072862428179	-345.502397843733
GSM437195	0.00859193915152128	9.53089931897197	495.528034102826
GSM437196	0.00842770501461663	9.47826124586731	146.425750303634
GSM437197	0.00873626798889414	9.73459223199013	262.323776466496
GSM437198	0.00909289167002511	9.89367553745748	1090.39645041887
GSM437199	0.00921494364049975	9.84995305337135	1393.49750723903
GSM437200	0.00911220769189315	10.0821349991254	773.940134583191
GSM437201	0.0100310301955524	10.5055682859588	2053.72646919187
GSM437202	0.0087820158158571	9.58518817203861	627.729212561129
GSM437203	0.00856867446623834	9.27272934127464	822.65884126487
GSM437204	0.00947304232573824	10.5547727170741	1727.74590333251
GSM437205	0.00888509011660519	9.62956458425224	742.811559702597
GSM437206	0.00865853296857498	9.31366474495042	249.540290246108
GSM437207	0.00842792557060535	9.36763189505458	362.403986686059
GSM437208	0.00847601345618584	9.0238019023253	-2.87170916166425
GSM437209	0.00872009837010146	9.76972544624039	1002.68308598222
GSM437210	0.00874864345748846	9.62798239601478	640.559384863705
GSM437211	0.00857641709754051	9.46161358724041	681.342242408224
GSM437212	0.0081280116529111	9.26302739747274	91.1397408855631
GSM437213	0.00816322232778364	9.07239538564155	16.8526720968687
GSM437214	0.0090981423214482	9.78365762008366	869.023735984753
GSM437215	0.00844745225095594	9.45862277827589	544.515830770824
GSM437216	0.00786921468026949	8.76385786319048	-510.645210787541
GSM437217	0.00842020017869276	9.21984908544063	-264.1894401468
GSM437218	0.00793311925116897	8.84423717177246	-249.512951867235
GSM437219	0.00725022938152839	8.58595847233789	-378.954893034982
GSM437220	0.00825029983371199	9.08402597479864	415.738431831787
GSM437221	0.00843603186772347	9.09679639726574	274.774464270245
GSM437222	0.00883889891930396	9.21767971298038	1399.24344400445
GSM437223	0.00890176580312045	9.67822135100707	1201.965234546
GSM437224	0.0084852284238641	9.41033710117109	188.544445353555
GSM437225	0.00859071416363243	9.67177956129889	795.652406975311
GSM437226	0.00966207125880196	9.88755920479838	2150.42278803377
GSM437227	0.00825198532878311	8.69775992539152	518.463056214431
GSM437228	0.00825981707467153	8.5672357098858	-112.259900008909
GSM437229	0.00816268953037401	9.08965658867005	521.219972676521
GSM437230	0.00804449767827777	8.85879727609186	-657.485275980897
GSM437231	0.00895471172757919	9.59887810520062	593.241264548725
GSM437232	0.00807249744653126	8.74326233812754	-84.628469862395
GSM437233	0.0090893272445573	9.58775596200459	643.731432801299
GSM437234	0.00951741416095522	9.82650069040616	1152.44352954764
GSM437235	0.00937810927926477	10.0123131657052	985.507816685409
GSM437236	0.00811894065578452	8.90806701326018	-227.519747607127
GSM437237	0.00823286566816614	9.12599743120832	122.269927033977
GSM437238	0.00865099094740137	9.40270213734343	297.618262721011
GSM437239	0.0085192189571369	9.56194113250946	462.651264398374
GSM437240	0.00839771533280322	9.22706883589207	55.5685674532777
GSM437241	0.00878000152265899	9.62890973104967	595.399400761962
GSM437242	0.00896154582335834	9.62109166274138	376.682662179066
GSM437243	0.00932697503163516	9.65395910068715	675.398139265461
GSM437244	0.00876161117607887	9.56941841993652	117.754654702957
GSM437245	0.00876231637309644	9.49265561021057	390.045862802598
GSM437246	0.00787661029685022	8.86551544187487	-176.207979400481
GSM437247	0.00884659572899688	9.67459638937992	660.175015911164
GSM437248	0.00790309656998515	8.78159746986149	-585.965873475071
GSM437249	0.00819947861982068	9.19588195549758	-103.447359627014
GSM437250	0.00899914195083154	9.82550103824759	1196.45338098661
GSM437251	0.00904616861022378	9.7493094746265	965.818302372336
GSM437252	0.00802857059354916	9.01128313109494	-295.352023151846
GSM437253	0.00816780849204095	8.88030350198892	-529.740096820528
GSM437254	0.00817676478605057	9.18825552813268	511.952923272619
GSM437255	0.00765142239738348	8.74236154596839	-198.456220391809
GSM437256	0.00786796977620089	8.84549621792154	31.4654243682632
GSM437257	0.00899357195766992	9.86452248439021	1089.71419274185
GSM437258	0.00802160195572321	8.84160308548719	-18.029488641733
GSM437259	0.00831345379975272	9.22768311027599	181.462945964542
GSM437260	0.00806294690673484	9.15022243475765	308.939687076765
GSM437261	0.00848254506491913	8.95146036973153	-192.269383630768
GSM437262	0.00879885885496532	9.57673180896762	636.118148003027
GSM437263	0.00890827545042343	9.77306044925533	926.872734610239
GSM437264	0.00818088726112719	8.86064156674006	-134.151396344144
GSM437265	0.00892497261214851	9.73592906324718	1109.21533122843
GSM437266	0.00823811585495582	9.26597265005877	485.066794001457
GSM437267	0.00835793057560717	9.13103690271629	364.858073626081
GSM437268	0.00753177316182681	8.66207751557753	-564.719579972693
GSM437269	0.00805657198933745	8.76233568077922	-579.773841825492
GSM437270	0.0088525307449001	9.87732649299532	1157.40211117815
GSM437271	0.00778784862088954	8.83536980746007	-625.63236911717
GSM437272	0.00883399655976701	9.45657259217499	664.400883760882
GSM437273	0.00780433288967366	8.54439444000642	-701.111944367976
GSM437274	0.00816676407257714	9.33023511114821	-325.428237682445
GSM437275	0.00718680564623333	7.97980127061804	-1381.47215733146
GSM437276	0.00881775626628491	9.94475225705345	386.731629888846
GSM437277	0.00807121361889353	8.75790989317873	-707.875907209451
GSM437278	0.008445741038421	9.59460960527357	9.74252106513679
GSM437279	0.00869006111400884	9.53156132340499	64.1271908679578
GSM437280	0.00871153813351813	9.60920425369398	390.078760827346
GSM437281	0.0080280972275338	8.70688431648597	-611.819118450962
GSM437282	0.00771611698283212	8.75473204738875	-110.20722770405
GSM437283	0.00741266650472701	8.64835417722089	-474.941426990764
GSM437284	0.0087520188073097	9.78539068766781	895.442944073137
GSM437285	0.00713072879881896	8.0485241517481	-806.412577197678
GSM437286	0.00750386796872432	8.37579848783684	-760.794887954293
GSM437287	0.00727281357482786	8.23191691525485	-1229.64150737114
GSM437288	0.00790055631572281	8.74218680066089	-604.191031617012
GSM437289	0.00771354977808675	8.45048218034888	-918.715401499268
GSM437290	0.00722839014302098	8.12875811601463	-1272.45615412135
GSM437291	0.00743683702822506	8.03704038294234	-802.019551598447
GSM437292	0.00757190991241126	7.97893184747381	-841.976558791525
GSM437293	0.00860811729055527	9.53902848100564	122.89530631544
GSM437294	0.00770146162792416	8.85915243758983	-163.700541913598
GSM437295	0.00781462907303167	8.58747493453465	-657.691189832153
GSM437296	0.00813352186808783	8.81791903081295	-378.816055179196
GSM437297	0.00796939567092825	9.10465123925205	207.147007478988
GSM437298	0.00699994204620997	7.68223542760062	-1470.91736214196
GSM437299	0.0079941428330792	9.08471730122799	-97.1815272127341
GSM437300	0.00804959726068164	8.95002228253903	-259.904041585263
GSM437301	0.0093707187759667	9.77091669874721	1180.44009287867
GSM437302	0.00768850891451754	8.71384735724675	-539.840019270883
GSM437303	0.00757668533785917	8.61078695075739	-831.044227983105
GSM437304	0.00815140808463148	9.49407643174645	423.225976923061
GSM437305	0.00860920704448279	9.18898492026311	587.409514106192
GSM437306	0.00932602144389371	10.4268933012449	1454.16924270483
GSM437307	0.00838393015122152	9.43790861847114	604.616553846011
GSM437308	0.00856871321520024	9.19621603405987	-139.178090548388
GSM437309	0.00768947625341156	8.82155838974965	-438.486577594084
GSM437310	0.00729338205635398	7.79142349181881	-1266.06973528106
GSM437311	0.00768551517968359	8.32063587507299	-652.270038195814
GSM437312	0.00690173893322608	8.16740688533648	-1328.1123153403
GSM437313	0.00790902142555038	9.05355353512134	-163.904437309658
GSM437314	0.00813526326536941	9.28571001567674	99.2138118678105
GSM437315	0.00981655789628169	10.8542764028837	2151.90362286913
GSM437316	0.00842093162277083	8.7635435484523	887.27986370488
GSM437317	0.00836378606456603	9.42415838574625	608.830872408409
GSM437318	0.00860387066100442	9.4894348045314	696.692343849595
GSM437319	0.00844974426028338	9.44108433493856	555.780113550351
GSM437320	0.00754710739713646	8.68998470418334	-30.2751401574922
GSM437321	0.00721436206749621	7.81336217376013	-699.587201591838
GSM437322	0.0076270713926989	8.72954534765781	-486.369544133169
GSM437323	0.00817454472335091	8.98920721862069	-277.588732206494
GSM437324	0.00769788476543463	8.5805812076664	-745.677357904506
GSM472192	0.00696798548727189	7.67847708239504	-940.735731309949
GSM472193	0.00710200275764113	8.39450001389662	-935.47782877328
GSM472194	0.00711342930049932	8.24613833601065	-621.314458080026
GSM472195	0.00745680875279888	8.70561549447133	-410.088435619218
GSM472196	0.00713198183699023	7.47532262041838	-984.294147551793
GSM472197	0.00773954368352522	8.67156791125465	-928.719296108138
