ID	StromalScore	ImmuneScore	ESTIMATEScore	TumorPurity
GSM437093	365.199683555172	1635.47331699062	2000.6730005458	0.622656884405135
GSM437094	-279.533722017287	710.405222296544	430.871500279257	0.784917017588243
GSM437095	-561.419661826237	786.090434221843	224.670772395607	0.803308635549238
GSM437096	-284.930402679942	370.236150627789	85.3057479478469	0.815323233046309
GSM437097	-27.25043775176	972.969683308298	945.719245556538	0.735895646466627
GSM437098	655.246614483741	1585.135959506	2240.38257398974	0.594743824714776
GSM437099	-800.713967624658	1338.82419563795	538.110228013288	0.775066788034223
GSM437100	778.011203674677	1918.42766023077	2696.43886390545	0.53963472468352
GSM437101	-747.533337371715	747.867623870165	0.334286498449728	0.822481467419556
GSM437102	1472.63107791437	1788.52514038762	3261.15621830199	0.4680732965045
GSM437103	606.505999707271	1711.27401285791	2317.78001256518	0.585572320155363
GSM437104	-825.847545678992	628.554892765685	-197.292652913307	0.838633380330866
GSM437105	19.319948459352	2041.80576112245	2061.1257095818	0.615688790661923
GSM437106	4.91901205387421	1557.16007996414	1562.07909201801	0.671709543898106
GSM437107	-482.719619739058	883.394396218523	400.674776479466	0.787655696670228
GSM437108	-332.698925498907	1260.2291255302	927.530200031291	0.737700824918429
GSM437109	992.268470649898	2255.91249295048	3248.18096360038	0.469755536716473
GSM437110	143.014622963338	1564.5860168661	1707.60063982943	0.655733058510481
GSM437111	921.669208896483	1490.82501499164	2412.49422388812	0.574246081244721
GSM437112	146.575080804213	1491.85460706172	1638.42968786593	0.663364940774772
GSM437113	515.11825971249	1222.31236090543	1737.43062061792	0.652420899514804
GSM437114	-125.265091061521	1100.49229210576	975.227201044234	0.732955966021911
GSM437115	-293.29654109987	735.711476078144	442.414934978274	0.783866013309086
GSM437116	761.131163715493	2004.74064388269	2765.87180759818	0.531026250205881
GSM437117	555.255956939286	958.091261737531	1513.34721867682	0.676991563005946
GSM437118	575.323792081017	2354.36632430732	2929.69011638834	0.510498651999046
GSM437119	1602.38264277577	1017.21991187739	2619.60255465316	0.549095712058626
GSM437120	277.094344073183	1242.86012961031	1519.95447368349	0.676277430523208
GSM437121	394.729651845025	1309.99923981624	1704.72889166126	0.656051259399096
GSM437122	304.296678600593	556.489249645631	860.785928246224	0.744279733607591
GSM437123	574.10439803309	1397.87660175255	1971.98099978564	0.62594694958827
GSM437124	260.368345926727	880.114368888885	1140.48271481561	0.716240087956363
GSM437125	801.948583826687	1503.95097630534	2305.89956013203	0.586985079737818
GSM437126	-218.927364026025	1711.48486163566	1492.55749760963	0.679234422789236
GSM437127	550.569676732119	1166.57177280259	1717.14144953471	0.654675063310018
GSM437128	-90.6388361895087	557.380263538435	466.741427348926	0.781643774524298
GSM437129	-493.5352829779	948.740409501408	455.205126523508	0.782698866369782
GSM437130	737.851589949999	1019.61015215809	1757.46174210809	0.650189728531995
GSM437131	99.4660513814784	1016.48646463885	1115.95251602033	0.71874823602383
GSM437132	-45.5017244080087	280.777057660119	235.27533325211	0.802380593586742
GSM437133	675.961918440305	1948.22160405762	2624.18352249793	0.548533595758956
GSM437134	422.605324843126	1096.48015827972	1519.08548312284	0.676371390046168
GSM437135	1331.44507091014	1232.19901117119	2563.64408208134	0.555942085032388
GSM437136	164.741753988845	888.468375370811	1053.21012935966	0.725121002642036
GSM437137	398.820702703575	1033.31828535904	1432.13898806261	0.685716580481632
GSM437138	373.713810511564	525.557784224125	899.271594735689	0.740494924272079
GSM437139	331.229105714549	914.308382232983	1245.53748794753	0.705393872984443
GSM437140	-669.989966336649	539.618158575373	-130.371807761276	0.833242341900641
GSM437141	72.2829033794875	1443.39113031595	1515.67403369544	0.676740146275512
GSM437142	-250.910168509662	1265.78814491346	1014.8779764038	0.728984180629527
GSM437143	-22.6224068870567	1800.39120641493	1777.76879952787	0.647922084506763
GSM437144	879.159445989064	1042.34658466576	1921.50603065483	0.631707849686648
GSM437145	894.823446620307	2187.4695993704	3082.29304599071	0.491110618514941
GSM437146	-146.84719976424	1590.42341792863	1443.57621816439	0.684493630440907
GSM437147	-72.0162226160613	1477.35601805154	1405.33979543548	0.688574564832373
GSM437148	-274.171193833103	1723.92508267221	1449.75388883911	0.683832267238142
GSM437149	739.130634307978	1395.16992093504	2134.30055524302	0.607189470126539
GSM437150	34.9814264505113	1230.96784819081	1265.94927464132	0.703266947172808
GSM437151	72.4040531468782	1098.25587801263	1170.65993115951	0.71314181163709
GSM437152	831.050705701657	1926.38546316534	2757.43616886699	0.532075083934722
GSM437153	-525.724853088878	542.501197484378	16.7763443954999	0.821106292086772
GSM437154	231.513849128335	958.067045333541	1189.58089446188	0.71119206670148
GSM437155	1159.68043425115	2144.73306185526	3304.41349610641	0.462452763666803
GSM437156	390.681694825979	1850.01010432135	2240.69179914733	0.594707333851888
GSM437157	1222.43232483226	1908.3194004557	3130.75172528796	0.484901982075528
GSM437158	-245.785199347436	595.835605397156	350.05040604972	0.792212305928683
GSM437159	745.147013999003	1538.70069698475	2283.84771098375	0.589602631996545
GSM437160	-690.079242796354	1167.48018970657	477.400946910215	0.780666879264645
GSM437161	1125.73395911505	2350.50559960036	3476.23955871541	0.439945049577719
GSM437162	588.072752784509	1347.67494618741	1935.74769897192	0.630085892146701
GSM437163	1028.11372828323	1914.88427435143	2942.99800263466	0.508817955027343
GSM437164	-74.1367539599288	454.255577834465	380.118823874537	0.789511160449572
GSM437165	-692.124542916282	767.240665531147	75.1161226148647	0.816188350972624
GSM437166	766.566213388056	1616.4739289775	2383.04014236556	0.577780292269315
GSM437167	345.406697251603	1793.79524330932	2139.20194056092	0.606617655819988
GSM437168	-589.949363251452	791.233098177369	201.283734925918	0.805348433354175
GSM437169	-57.5062800672194	734.458635114956	676.952355047737	0.762028756806812
GSM437170	580.779930707479	1077.25335303874	1658.03328374621	0.661208915204342
GSM437171	1006.53781556794	2198.29610829509	3204.83392386303	0.475363085095793
GSM437172	128.23931272801	816.538047386546	944.777360114556	0.735989253132375
GSM437173	568.675557187338	901.694613694072	1470.37017088141	0.681621082370219
GSM437174	787.602585454194	781.056728005039	1568.65931345923	0.670993677704878
GSM437175	1257.64456764665	2123.38066865089	3381.02523629754	0.452452787214576
GSM437176	16.9047854915725	1176.10041755124	1193.00520304281	0.710838615910426
GSM437177	217.559434006775	580.485471758243	798.044905765018	0.7503989163101
GSM437178	867.977836896395	1921.71188422258	2789.68972111898	0.528060492516306
GSM437179	100.218199136827	495.068591541227	595.286790678054	0.769736280357861
GSM437180	770.119763781469	1256.60284201974	2026.72260580121	0.619660251094316
GSM437181	1174.01498979603	1979.71004423841	3153.72503403444	0.481949997323803
GSM437182	657.2691347024	890.106264145366	1547.37539884777	0.67330690169477
GSM437183	191.614854119756	1093.47197670329	1285.08683082305	0.701267062373021
GSM437184	-7.33780583692242	1369.5173427996	1362.17953696268	0.693154947409062
GSM437185	-254.96241681719	715.312808526107	460.350391708917	0.782228565651168
GSM437186	-142.276591999151	422.260539083997	279.983947084846	0.798446636720245
GSM437187	451.268396950405	1629.87693870076	2081.14533565116	0.613370511356179
GSM437188	530.681569289241	1001.47381233444	1532.15538162368	0.674957047366783
GSM437189	746.50694263658	1344.98685079374	2091.49379343032	0.612170078586807
GSM437190	984.25839148552	1357.35493153534	2341.61332302086	0.582732825509106
GSM437191	475.840924322589	1247.14909435513	1722.99001867772	0.654025871446304
GSM437192	619.445446189301	701.611412650241	1321.05685883954	0.69749321211174
GSM437193	195.05446103405	1605.0307053548	1800.08516638885	0.645423426434897
GSM437194	-345.502397843733	378.552467107618	33.0500692638849	0.819740485968491
GSM437195	495.528034102826	1069.4740750194	1565.00210912223	0.671391624453899
GSM437196	146.425750303634	1398.66212275034	1545.08787305398	0.673555128743823
GSM437197	262.323776466496	750.34083120921	1012.66460767571	0.729206543970622
GSM437198	1090.39645041887	1715.08894842282	2805.48539884168	0.526090085162002
GSM437199	1393.49750723903	1718.21160611487	3111.7091133539	0.487344708629474
GSM437200	773.940134583191	1008.9703419489	1782.91047653209	0.647347010681726
GSM437201	2053.72646919187	1774.97340488107	3828.69987407295	0.392915918584299
GSM437202	627.729212561129	1293.9071729989	1921.63638556003	0.631693016313112
GSM437203	822.65884126487	2545.46244948824	3368.12129075311	0.454141155039399
GSM437204	1727.74590333251	1511.93375476504	3239.67965809755	0.470856806325093
GSM437205	742.811559702597	1630.46272092967	2373.27428063226	0.578949722348106
GSM437206	249.540290246108	480.803932730034	730.344222976143	0.756930411055797
GSM437207	362.403986686059	880.418486492426	1242.82247317848	0.705676303115185
GSM437208	-2.87170916166425	679.846243747283	676.974534585618	0.762026648597159
GSM437209	1002.68308598222	2757.10104869295	3759.78413467516	0.402198099020746
GSM437210	640.559384863705	1413.44382054341	2054.00320540712	0.616512297727202
GSM437211	681.342242408224	1957.51656750146	2638.85880990968	0.546731168200503
GSM437212	91.1397408855631	1950.83049868613	2041.9702395717	0.617902023110963
GSM437213	16.8526720968687	980.358795329476	997.211467426345	0.730756878491239
GSM437214	869.023735984753	1487.74098530311	2356.76472128786	0.580923981257253
GSM437215	544.515830770824	1727.17632484811	2271.69215561893	0.59104285570029
GSM437216	-510.645210787541	603.60218403253	92.9569732449886	0.814672430815356
GSM437217	-264.1894401468	1144.76319968943	880.573759542635	0.742336691139593
GSM437218	-249.512951867235	637.927166302895	388.41421443566	0.788763248937086
GSM437219	-378.954893034982	1372.31725250236	993.362359467383	0.731142455198384
GSM437220	415.738431831787	1859.54091169919	2275.27934353097	0.590618031298602
GSM437221	274.774464270245	1434.86686988625	1709.64133415649	0.655506870802861
GSM437222	1399.24344400445	1970.59935927076	3369.84280327521	0.453916004315888
GSM437223	1201.965234546	1823.02422174061	3024.98945628661	0.49842039454043
GSM437224	188.544445353555	1203.5261748489	1392.07062020246	0.689985706961671
GSM437225	795.652406975311	2154.00907384882	2949.66148082413	0.507975672426471
GSM437226	2150.42278803377	2994.63053016843	5145.0533182022	0.209022214062064
GSM437227	518.463056214431	1567.88153202354	2086.34458823797	0.612767568933126
GSM437228	-112.259900008909	848.820417540836	736.560517531927	0.756333794502718
GSM437229	521.219972676521	2037.28813548178	2558.5081081583	0.556568585675931
GSM437230	-657.485275980897	356.152148131003	-301.333127849894	0.846853827133743
GSM437231	593.241264548725	755.395657379337	1348.63692192806	0.69458643168686
GSM437232	-84.628469862395	763.238806603549	678.610336741154	0.761871140050476
GSM437233	643.731432801299	977.154130664982	1620.88556346628	0.6652898062006
GSM437234	1152.44352954764	1493.99419361246	2646.4377231601	0.545799327573297
GSM437235	985.507816685409	1239.49188620561	2224.99970289102	0.596557569411483
GSM437236	-227.519747607127	545.257001870548	317.737254263422	0.795097897813315
GSM437237	122.269927033977	764.959521230576	887.229448264554	0.741681735357496
GSM437238	297.618262721011	896.996771530719	1194.61503425173	0.710672390045838
GSM437239	462.651264398374	942.196559131862	1404.84782353024	0.68862693142423
GSM437240	55.5685674532777	697.577070538269	753.145637991547	0.754738937026137
GSM437241	595.399400761962	790.370541746012	1385.76994250797	0.690654851330466
GSM437242	376.682662179066	510.32157352514	887.004235704206	0.741703909067468
GSM437243	675.398139265461	972.076570722285	1647.47470998775	0.662370840495655
GSM437244	117.754654702957	296.054396900156	413.809051603113	0.786466387668788
GSM437245	390.045862802598	1160.2656441882	1550.3115069908	0.672988183564018
GSM437246	-176.207979400481	776.89238548005	600.684406079569	0.76923025990885
GSM437247	660.175015911164	718.720882774776	1378.89589868594	0.691384214432618
GSM437248	-585.965873475071	289.230260727092	-296.735612747979	0.846494725408364
GSM437249	-103.447359627014	965.169130827731	861.721771200716	0.744187980962486
GSM437250	1196.45338098661	1775.14034158786	2971.59372257448	0.505199946759895
GSM437251	965.818302372336	1427.15485828686	2392.9731606592	0.576589627775424
GSM437252	-295.352023151846	1204.33714651447	908.985123362627	0.7395359235558
GSM437253	-529.740096820528	143.961179422719	-385.778917397808	0.853380930600783
GSM437254	511.952923272619	2054.14688136204	2566.09980463466	0.555642417358246
GSM437255	-198.456220391809	1495.55299563774	1297.09677524593	0.700009189604012
GSM437256	31.4654243682632	1491.52925781805	1522.99468218631	0.675948621683322
GSM437257	1089.71419274185	1469.37083458267	2559.08502732452	0.556498227206792
GSM437258	-18.029488641733	1355.41490779982	1337.38541915809	0.695773653028153
GSM437259	181.462945964542	1126.40126940075	1307.86421536529	0.698879601990012
GSM437260	308.939687076765	1704.13091730223	2013.070604379	0.621231850652378
GSM437261	-192.269383630768	1176.26833404922	983.99895041845	0.732079441280978
GSM437262	636.118148003027	927.239248566279	1563.35739656931	0.67157052541287
GSM437263	926.872734610239	1385.47247832425	2312.34521293449	0.586218818587233
GSM437264	-134.151396344144	610.065548183658	475.914151839514	0.780803251855496
GSM437265	1109.21533122843	1428.12255660644	2537.33788783487	0.559147645892796
GSM437266	485.066794001457	2030.55676577511	2515.62355977657	0.561787382229947
GSM437267	364.858073626081	1111.92005834154	1476.77813196762	0.680932528394166
GSM437268	-564.719579972693	667.46644013622	102.746860163527	0.813838218602391
GSM437269	-579.773841825492	-109.036771973648	-688.81061379914	0.875716854900343
GSM437270	1157.40211117815	2138.8521671044	3296.25427828255	0.463514346120756
GSM437271	-625.63236911717	1194.22175007048	568.589380953309	0.772232021109174
GSM437272	664.400883760882	2038.30490930778	2702.70579306866	0.538860022805788
GSM437273	-701.111944367976	424.910741547257	-276.201202820719	0.844886124058542
GSM437274	-325.428237682445	437.983238822016	112.555001139571	0.813000765580778
GSM437275	-1381.47215733146	219.47762704997	-1161.99453028149	0.907114356651247
GSM437276	386.731629888846	1145.67109744581	1532.40272733465	0.674930257192005
GSM437277	-707.875907209451	323.368968423582	-384.506938785869	0.853283585189281
GSM437278	9.74252106513679	1203.34336416452	1213.08588522966	0.708762313371639
GSM437279	64.1271908679578	443.614036906288	507.741227774246	0.777875879945549
GSM437280	390.078760827346	1285.82746162735	1675.9062224547	0.659238457385764
GSM437281	-611.819118450962	507.143799166935	-104.675319284027	0.831150880179517
GSM437282	-110.20722770405	711.995454957399	601.788227253349	0.769126718416663
GSM437283	-474.941426990764	900.849290742317	425.907863751553	0.785368253064047
GSM437284	895.442944073137	1469.29406820466	2364.7370122778	0.57997105783364
GSM437285	-806.412577197678	552.695744534637	-253.716832663041	0.843115965260114
GSM437286	-760.794887954293	-450.280139761239	-1211.07502771553	0.910123027554787
GSM437287	-1229.64150737114	235.699126972521	-993.942380398615	0.896457009891659
GSM437288	-604.191031617012	387.070611008272	-217.120420608741	0.840215157193446
GSM437289	-918.715401499268	187.744646969548	-730.97075452972	0.878688086654956
GSM437290	-1272.45615412135	-464.765510253527	-1737.22166437488	0.939378468857853
GSM437291	-802.019551598447	925.647542649792	123.627991051345	0.812053290290967
GSM437292	-841.976558791525	63.4368031784065	-778.539755613119	0.882000095655687
GSM437293	122.89530631544	576.383661263736	699.278967579176	0.759902482951951
GSM437294	-163.700541913598	1472.34721124646	1308.64666933286	0.698797448448306
GSM437295	-657.691189832153	806.260378253369	148.569188421216	0.809911308691581
GSM437296	-378.816055179196	514.971613053998	136.155557874802	0.810978765715937
GSM437297	207.147007478988	2457.49105656239	2664.63806404138	0.543558807159437
GSM437298	-1470.91736214196	-11.549149405667	-1482.46651154763	0.925902614607762
GSM437299	-97.1815272127341	1613.49636733274	1516.31484012001	0.676670892072524
GSM437300	-259.904041585263	743.84426034004	483.940218754777	0.780066639439031
GSM437301	1180.44009287867	1308.81788872282	2489.25798160149	0.564984880203315
GSM437302	-539.840019270883	832.869593639016	293.029574368133	0.797292249926687
GSM437303	-831.044227983105	505.686994885038	-325.357233098066	0.848724019658592
GSM437304	423.225976923061	1564.62070769482	1987.84668461788	0.624129025822974
GSM437305	587.409514106192	1017.90076559321	1605.31027969941	0.666994962067173
GSM437306	1454.16924270483	2573.99896963753	4028.16821234236	0.365826548870161
GSM437307	604.616553846011	2403.42715474174	3008.04370858775	0.50057529963206
GSM437308	-139.178090548388	790.09392118645	650.915830638062	0.764498004693203
GSM437309	-438.486577594084	1493.9481616473	1055.46158405322	0.72489338230466
GSM437310	-1266.06973528106	-117.14947625029	-1383.21921153135	0.920301181503034
GSM437311	-652.270038195814	334.431667714521	-317.838370481294	0.848139836156007
GSM437312	-1328.1123153403	129.748283618461	-1198.36403172184	0.90934836064674
GSM437313	-163.904437309658	1619.41620334234	1455.51176603268	0.683215339576437
GSM437314	99.2138118678105	1645.85635567391	1745.07016754172	0.65157063120004
GSM437315	2151.90362286913	2567.81299775406	4719.71662062319	0.269630667689262
GSM437316	887.27986370488	1230.75998569851	2118.03984940339	0.609084253455711
GSM437317	608.830872408409	1501.81475742033	2110.64562982874	0.609944719880308
GSM437318	696.692343849595	1265.22778964	1961.9201334896	0.627097986555026
GSM437319	555.780113550351	1240.49199895656	1796.27211250691	0.645850847381543
GSM437320	-30.2751401574922	1137.73875581708	1107.46361565959	0.719614034889164
GSM437321	-699.587201591838	1488.80379631885	789.216594727014	0.751254852538733
GSM437322	-486.369544133169	992.756251907441	506.386707774272	0.778000811541613
GSM437323	-277.588732206494	672.809817590576	395.221085384082	0.788148668588023
GSM437324	-745.677357904506	484.39089840671	-261.286459497796	0.843712936423617
GSM472192	-940.735731309949	636.483992452997	-304.251738856952	0.847081593248598
GSM472193	-935.47782877328	419.784368406746	-515.693460366534	0.863166092786797
GSM472194	-621.314458080026	854.532863052778	233.218404972752	0.80256075458092
GSM472195	-410.088435619218	898.508285531639	488.419849912421	0.779655039192568
GSM472196	-984.294147551793	869.940372795038	-114.353774756755	0.831940008701217
GSM472197	-928.719296108138	63.3254326619501	-865.393863446187	0.887936292143192
